6.893872761726379528e-01
6.754142451286315740e-01
6.645230245590210139e-01
6.569681096076965821e-01
6.649222445487975586e-01
6.675113129615783958e-01
6.514322876930236372e-01
6.417682576179504217e-01
6.311761426925659446e-01
6.177817821502685769e-01
6.078391289710998180e-01
6.125561654567718284e-01
5.886521315574646529e-01
5.812567627429962025e-01
5.510816562175750999e-01
5.279465186595916348e-01
5.210456061363220037e-01
5.044853138923645064e-01
4.622898292541504084e-01
4.492423987388610707e-01
4.416674911975860818e-01
4.053252363204956077e-01
3.823589980602264404e-01
3.678895175457000954e-01
3.305551296472549194e-01
3.125137346982955755e-01
2.846148222684860007e-01
2.573686826229095725e-01
2.476235842704772872e-01
2.041423231363296564e-01
6.570737604051828384e-01
5.425906392435232428e-01
4.669668587545554028e-01
4.259661603718996048e-01
3.656365734835465564e-01
3.580447733402252197e-01
3.261139256258805408e-01
2.940752773235241757e-01
2.967211436480283737e-01
2.471386777857939310e-01
2.093999401355783052e-01
2.125480721394220895e-01
1.793178108831246786e-01
1.658379777024189539e-01
1.477816759919126921e-01
1.356376872087518282e-01
1.296980488114058971e-01
1.109226855138937679e-01
9.692962933331727982e-02
1.003135655385752473e-01
9.673772736762960289e-02
7.432131546859939430e-02
6.982900962854425575e-02
8.044067304581403732e-02
8.529417216777801514e-02
7.404163355628649856e-02
5.763179824377099442e-02
5.760160678376754356e-02
5.390892325279613567e-02
4.925783025100827217e-02
6.777557749301195145e-01
4.251897912472486496e-01
2.929479274898767471e-01
2.462797168021400862e-01
1.826197765767574310e-01
1.744204532975951738e-01
1.305434474100669318e-01
1.188517838406066146e-01
1.058272303392489705e-01
1.024909947688380923e-01
7.948473033805687760e-02
6.912850852434833382e-02
7.808369553337494995e-02
7.995824236422777176e-02
6.387645394230882789e-02
5.024416387702027725e-02
6.291485857218503952e-02
5.141313249866167473e-02
5.052683044535418583e-02
4.224046971648931503e-02
4.618005959006647038e-02
4.048685395779708790e-02
5.090137889298299717e-02
3.758241965745886398e-02
3.324420959688723087e-02
3.405998251400887966e-02
3.079835985166331017e-02
3.201816192207237316e-02
2.916167622121671951e-02
3.111003401378790653e-02
7.799735687052210542e-01
4.085677446176608218e-01
4.671297542129953517e-01
2.284867130219936371e-01
1.621144061597684927e-01
1.169103298646708283e-01
1.145609151571989059e-01
1.049356178070108142e-01
7.838759586835901405e-02
7.810069154947996140e-02
6.466327894789476727e-02
5.540593185772498680e-02
5.765613509962955879e-02
5.134412576444447041e-02
5.150969023816287518e-02
4.516806686297059059e-02
3.464412689208984375e-02
4.836245533078908920e-02
4.316071677021682262e-02
5.370459426194429398e-02
8.065709075890481472e-02
4.585280735045671463e-02
4.029483449024458958e-02
2.729961353664596760e-02
4.047757239701847004e-02
6.227500077026585507e-02
5.863876027675966190e-02
2.841751587887604916e-02
3.131455982414384914e-02
2.813645972249408447e-02
7.108786885316172866e-01
3.558721573402484073e-01
2.173529228505989008e-01
1.496563265100121498e-01
1.690936010951797075e-01
9.048629552125930786e-02
7.688739197328686714e-02
8.869347410897414352e-02
6.938241313522060250e-02
7.361682473371426727e-02
5.595804386151333881e-02
3.945505626810093952e-02
3.623970799768964218e-02
4.358233363988498615e-02
6.238030541377762722e-02
3.134758258238434792e-02
2.457615593448281288e-02
2.640630941217144215e-02
2.677419502288103104e-02
2.388840646017342806e-02
2.700460671136776722e-02
2.748708038901289188e-02
2.467584904904166973e-02
2.123832733680804455e-02
3.368134986764440703e-02
4.286033795991291834e-02
2.336512339146186792e-02
2.049221827959020817e-02
3.312650788575410843e-02
1.778026060977329695e-02
4.293072430106500970e-01
2.391591925794879503e-01
2.002703063189983368e-01
1.066462775537123236e-01
8.032161106045047905e-02
1.162373048719018698e-01
5.936635153678556515e-02
8.035320105652014877e-02
3.825673585136731697e-02
6.268899204830329086e-02
4.343544059277822805e-02
6.037115422077476978e-02
1.300215062219649553e-01
3.278191841673105955e-02
4.256035891982416081e-02
2.374722979341943943e-02
3.666238393634557724e-02
2.591538762984176361e-02
3.399498826668908430e-02
2.448841133931030714e-02
2.060796021639059103e-02
1.715978316497057676e-02
1.947097658800582207e-02
1.994473754893988371e-02
2.468581090215593576e-02
1.784380579677720749e-02
2.771893139773358786e-02
2.421392962181319677e-02
2.212365448940545321e-02
2.811455400660634041e-02
7.715242505073547363e-01
3.744258219376206398e-01
2.634813787881284952e-01
1.155237738663951602e-01
1.031641103327274323e-01
7.718419982120394707e-02
6.316054007038474083e-02
8.276352686031411554e-02
3.633400712472697330e-02
3.912547843841215206e-02
4.518583634247382713e-02
2.390273186999062813e-02
2.854544661628703392e-02
2.471376912823567903e-02
2.170127572026103735e-02
2.033662050962448120e-02
2.135364439648886406e-02
3.041216086906691277e-02
3.649461738920459913e-02
1.829674898181110620e-02
1.891604345291852951e-02
2.580524096265435219e-02
2.300679423691083872e-02
3.265184257179498672e-02
1.884428085759282112e-02
1.675194680380324638e-02
1.423148120132585424e-02
1.421231415588408709e-02
1.434848251907775742e-02
1.421124162152409554e-02
5.776937772398409443e-01
2.388782855933127280e-01
1.880521283525487530e-01
1.569690299422844548e-01
7.704004588658394659e-02
4.350698998440866855e-02
4.541544701256181732e-02
6.024626569579476926e-02
3.488797876659942981e-02
3.220194242084804120e-02
3.343765077221652615e-02
3.456587733133979767e-02
1.953814288034387212e-02
2.001915936884672911e-02
2.194368693491687006e-02
2.275982827110134901e-02
1.495307056314271361e-02
1.717998589510503007e-02
2.383584440078424446e-02
1.855009417656970985e-02
1.350653815366651724e-02
1.401932537555694580e-02
1.440171670654545599e-02
1.229022787478954888e-02
1.255902481953734967e-02
1.587209206722352967e-02
1.460706989240387159e-02
1.116995047777891159e-02
1.483666275263480563e-02
1.114402887532892419e-02
