0.6230664659975743
0.7902144635362285
0.7783993460542086
0.7486015665439927
0.7393724819531247
0.7336569084804885
0.7449687070080212
0.733490808733872
0.7298444705654163
0.7303144877054253
0.732441288324035
0.7239538084487526
0.7269327640533447
0.7257449009588787
0.7268170046867156
0.7256143029247012
0.7241477761037496
0.7227454015186855
0.7223218563868075
0.7229271043015986
0.7255079272915336
0.7233817969414003
0.7191252490097189
0.7167844856805342
0.7170201487400952
0.7154497853256164
0.7210346038010031
0.7155797287104602
0.7140385342791756
0.7129385026699719
0.7136693062948033
0.7156622314198132
0.7140453900882905
0.713839902119203
0.7125582438420485
0.7132725776198076
0.7127630104993117
0.7121657753054471
0.7123460803121169
0.7094219271193214
0.7121848533282409
0.7136691517121083
0.7150850099486273
0.7123580262467668
0.7136483840040259
0.7142222861985903
0.7132742773842167
0.7109464903135557
0.7138835146620467
0.7122724483142028
