0.23087046143110473
0.5918215486964647
0.6883499773447307
0.7315607836888153
0.7449957261584244
0.7316651974557614
0.747494136724545
0.738850826587604
0.5045618239833412
0.37805182746212396
0.618799350846901
0.7387241684660619
0.7542122700536738
0.7487209587528998
0.7458499081584872
0.7258891002560148
0.7257777651657864
0.7206153525989882
0.6978479534083483
0.4786849976248495
0.3135528414540384
0.43131129757655573
0.5690795897473805
0.7276653645430656
0.7489634643901478
0.71498049325484
0.7088951304315884
0.7049440062619785
