0.2258265665605366
0.60867819985926
0.6773559442740313
0.7152309527392594
0.6297034840099514
0.6798805801330933
0.7590497551980068
0.7317747191659042
0.7401049083897046
0.745564133765138
0.7394536359577762
0.7264537619692939
0.7419558654026109
0.673190428362209
0.4863623484698295
0.7286732757882196
0.7870715513673364
0.742398698415075
0.7343384655458587
0.7247301732399025
0.7272756942771973
0.6998783829696675
0.7141701529689014
0.4524188106356657
0.5898897175852678
0.4831472290287611
0.8448083891588098
0.7268603848901024
0.7179651618960069
0.7101865225934727
0.7082999429919503
0.5813394106805005
0.6454742606330842
0.5835570156036373
0.6197810848268436
0.7550394730891454
0.754797780418141
0.7263901542852269
0.7020265460014343
0.6993407807885644
0.6993272188547496
0.6713998219451389
0.7421240742142136
0.7152336439570866
0.6999113411516756
0.6971494497479619
0.6994610061516633
0.6891574859619141
0.6854286044030576
0.6323365876702843
0.6438407231852211
0.7739087955371754
0.7082306381818411
0.7027250621769879
0.699258265301988
0.7011345470273816
0.6984304779284709
0.6948804848902934
0.7006665783959466
0.7025586653400112
0.6209877607497302
0.6488214092388909
0.5335382983974993
0.570393469258097
0.6850298789932447
0.76694302101505
0.7558944523334503
0.7353223771016228
0.7159280365801113
0.7003808920396203
0.7144354897386888
0.6984367074175952
0.5935439178969133
0.7418205016915174
0.7511762802932351
0.7042407627730446
0.6878367369187707
0.7233000985760102
0.7000674736053548
0.6937775331384995
0.6970568444277789
0.7021087052048863
0.6974263458638578
0.6889057549270423
0.7085702871954119
0.695001402738932
0.691939133566779
0.6994762966761718
0.6975093756173109
0.6905884417327675
0.7249160102895789
0.6981296223563117
0.6919036212805155
0.6961415777335296
0.6042987214250339
0.5191594385417301
0.559399692991094
0.756603673744846
0.7168082804293245
0.7039693363614985
0.7020734841810828
0.7016330173308837
0.7015087814892039
0.6993585299043095
0.6860271644464788
0.7231559737480898
0.6979406673640491
0.7026502703600389
0.6994869122530687
0.6991695283568479
0.6986966674978082
0.6996290559437186
0.6971286643635143
0.7065236061652076
0.7035055055337793
0.7004706046798013
0.6844360901710184
0.7190711785127772
0.7289499960799906
0.7019090429346829
0.6959131903700776
0.6986484570162637
0.665932433127047
0.7783863349602773
0.6953438081584133
0.6982211182405661
0.6951311957705152
0.6842244758710756
0.7135182412771078
0.6961690426527799
0.691973919396872
0.6954480560271294
0.6949951275364383
0.6851688549741284
0.7111672338221099
0.7004648546923647
0.6963103490543889
0.694122911809565
0.6916586268734146
0.6989740102173208
0.6912641991326149
0.5631324503028349
0.6454127946388016
0.436824396510232
0.6511345114509397
0.7678885377071639
0.5894189809270679
0.6473671647799301
0.7560483166512023
0.7184871871103632
0.7058587017211508
0.7012773679291948
0.6972705322377225
0.6953038633503812
0.6933832457090946
0.6939158170147145
0.6927815976929157
0.6928687060767031
0.6933605651906196
0.6919836975792621
