2.1527861892594955
1.6991574621200563
0.869877278804779
0.8839578366279602
0.8518726086616516
0.8410918521881103
0.8257075238227845
0.8137156963348389
0.8027514576911926
0.7991355657577515
0.7873739862442016
0.7832019424438477
0.7778040981292724
0.7734065103530884
0.768448977470398
0.7648676991462707
0.7636618542671204
0.7585826134681701
0.7588282680511474
0.7543667149543762
2.131703792764456
1.6639098083972932
0.8368753004074097
0.8678286719322205
0.8345758104324341
0.8246243667602539
0.8126437497138977
0.8054328536987305
0.7950007700920105
2.2072077629237903
1.628535737991333
0.8791525602340698
0.902901713848114
0.8646487975120545
0.8480863952636719
0.8355300378799438
0.8212862420082092
0.8088522720336914
0.7994035148620605
0.792425742149353
0.7866585373878479
0.7808193373680115
0.774119279384613
0.772279953956604
0.7657919096946716
0.7632635807991028
0.7616508817672729
0.756247820854187
0.7550865006446839
0.7502171844244003
0.7489009896914164
0.7429750313361486
0.7431538452704748
0.739347775777181
0.7376704290509224
0.7369418516755104
0.7371762494246165
0.7363092650969824
0.7327731202046076
0.7322889591256777
0.7314772854248682
0.7308870653311411
0.729282500843207
0.7285496443510056
0.7282282238205274
0.7268249789873759
0.7256606295704842
0.723487064242363
0.724412682155768
0.7240793804327647
0.7247793177763621
0.7246474251151085
0.7258564954002699
0.7262729456027349
0.7246727645397186
0.7235123813152313
0.7237825021147728
0.7233169203003248
0.7216849500934283
0.7219015583395958
0.7210599035024643
0.7195576106508573
0.7197163477540016
0.7192985688646635
0.7198138957222303
0.7170856023828188
0.7167437771956126
0.7170116603374481
0.7152560551961263
0.7196777885158857
0.7184282789627711
0.7159012084205946
0.7148107439279556
0.7142571235696474
0.7127482468883196
0.7126679693659147
0.7124516119559606
0.7116421659787496
0.7113543773690859
0.7116651112834612
0.7111421301960945
0.7111111308137575
0.7102787295977274
0.7100106452902158
0.7088156615694364
0.7094439566135406
0.7078791782259941
0.7085855454206467
0.7082498545447985
0.707670139769713
0.7062556520104408
0.7069321249922117
0.7059998139739037
0.7051381717125574
0.7055279612541199
0.7052329108119011
0.7045408884684244
0.7039635131756464
0.7040448735157648
0.7036686763167381
0.7038427889347076
0.7034142265717188
0.7036117116610209
0.7027011662721634
0.703233448167642
0.7022209092974663
0.7035742327570915
0.7023578112324079
0.7022004574537277
0.7071066573262215
0.7055201778809229
0.705716609954834
0.7065261056025823
0.7059749315182368
0.7056465322772661
0.7057057743271192
0.7051568105816841
0.7052722200751305
0.7051550845305125
0.7045945177475611
0.7046516686677933
0.7044434919953346
0.704005296031634
0.7032153432567915
0.7035948733488718
0.7034612248341242
0.7026807094613711
0.7026044651865959
0.7028675849239031
0.7021079011585402
0.7010597327481145
0.6997291523477306
