1.3239569589495659
0.801726541519165
0.7977711224555969
0.7810777997970582
0.775669674873352
0.7695752692222595
0.7710287070274353
1.2556105843660506
1.2342372780496425
0.8127185530734785
0.8116937243577206
0.8007072896668406
0.7907801216298883
0.7853491378552986
0.7785996180592161
0.7734729918566617
0.7698699235916138
0.7661483251687252
0.7627957625822588
0.7596915346203428
0.7567600698182078
0.7546497565327268
0.7517155463045294
0.7508340351509325
0.7487667293259592
0.7469198848261978
0.7448711756503943
0.7413730695843697
0.7409699913114309
0.7390518672764301
0.7380848228931427
0.737262949347496
0.7356384377926588
0.7349702846258879
0.7346448432654142
0.7334725875407457
0.7325329855084419
0.7321256715804338
0.730886222794652
0.7305018100887537
0.7298123873770237
0.7292249891906977
0.728191738948226
0.7277089413255453
0.7274408675730228
0.7263929452747107
0.7265721186995506
0.7240326731435714
0.7239970660978748
0.723870292786629
0.722972164230962
0.7226459383964539
0.7227935041150739
0.7221236824989319
0.7213311695283459
0.7215987674651607
0.7213195985363375
0.7210037689055165
0.7198384884865053
0.7196557194955887
0.7201092704649894
0.7189712005276834
0.7185001950110158
0.7185408319196394
0.7178175160961766
0.7176827134624604
0.7170728368143882
0.7190621644258499
0.7184838969260454
0.7184273637831211
0.7176556829363108
0.7177003100514412
0.7176526542752981
0.7172093223780394
0.7172447517514229
0.7161171678453684
0.7160785440355539
0.7153380122035742
0.7158739753067493
0.7156938556581736
0.7144409734755754
0.7145785931497812
0.7145089656114578
0.7143511138856411
0.7133531291037798
0.7133154682815075
0.7135973274707794
0.7104154556028305
0.7096409586168104
0.7078198655959098
0.7068906637930101
0.7056976672141783
0.7054484198170323
0.7050873656426707
0.7046863628971961
0.7042590687351842
0.7044683964021744
0.7039421508389134
0.7039516837366165
0.7035603888573185
0.7032927986114256
0.7034912878467191
0.7031409086719635
0.7027571316688291
0.7028276554999813
0.7024807526219276
0.7023672884510409
0.7094966042786837
0.7080067154020071
0.7091657482087612
0.7095906604081392
0.7101196087896824
0.7101339660584927
0.7101479079574347
0.7107781004160643
0.7104254867881536
0.7104761488735676
0.7103776317089796
0.7100305072963238
0.7099250499159098
0.7096918504685163
0.7093108743429184
0.7089027296751738
0.7090044226497412
0.7086697984486818
0.7083858251571655
0.708599153906107
0.7072468188501173
0.7059434306237006
0.7043092616142765
0.7034171185185832
0.7024421384257655
0.7020644872419296
0.7015247191152265
0.7014263560695033
0.7010566226897701
0.7006275230838407
0.7005409425304782
0.7002203714463019
0.7001428950217462
0.700041280638787
0.6999122154328131
0.6999357977221089
0.6996956563765003
0.6994446785219254
0.6991995226952338
0.6989426093716775
0.7014751061797142
0.701209170743823
0.7009549606591463
0.7013503052294254
0.7011788878589869
0.7015566695481539
0.7013583090156317
0.7013197466731071
0.7010828219354153
0.7011954504996538
0.7009290121495724
0.7008214946836233
0.700862092897296
0.7005904130637646
0.7007247693836689
0.7004848625510931
0.7002720255404711
0.7003183253109455
0.7000874783843756
0.7001764979213476
1.7806340199615807
1.0031346440315247
0.8005311822891236
0.7829986000061036
0.7674074292182922
0.7570506429672241
0.7501202845573425
0.7467046427726746
0.7406656479835511
0.7372319793701172
0.44676242420624473
0.7351014590263367
0.40614943606531595
0.7320290851593018
1.3497273500962184
0.7283056712150574
1.0176925821509213
0.7276292085647583
1.2632539668679237
0.7254330277442932
0.896940937936306
0.72375816822052
0.7227697682380676
0.9083217453956604
0.7206010794639588
0.7515219283103943
0.7188453149795532
0.7175546431541443
0.7182265663146973
0.7090064811706543
0.7157824262976646
0.7050573396682739
0.7153129354119301
0.7012503361701965
0.7143463840087255
0.7027442955970764
0.712491494913896
0.699409372806549
0.7116953556736311
0.6989168548583984
0.7115339239438375
0.7006862950325012
0.6978845405578613
0.5554360477536102
0.3953030263350956
1.5308017614137497
1.1144271720107646
1.090176142156124
1.1077776512503623
2.119140227464959
0.8543886872474105
2.315290555432439
1.8019123268127442
1.8264118815213441
1.0589979553222657
0.9917755007743836
0.954234127998352
0.823993763923645
0.9118516850471496
0.7918351006507873
0.8831911635398865
0.7764516615867615
0.8548287606239319
0.765813455581665
0.8474564170837402
0.758282630443573
0.8234573745727539
0.7520562720298767
0.814589467048645
0.7472053217887878
0.7987241983413697
0.7409539151191712
0.7932280421257019
0.7394638872146606
0.7819630553325018
0.7372092771530151
0.7730984836816788
0.7327832746505737
0.7680602272351583
0.7312617111206055
0.7633521432677904
0.7284199786186218
0.7579721286892891
0.7274653148651123
0.7507972071568171
0.7251257014274597
0.744431180258592
2.10037395244115
1.4216423225402832
0.8558851432800293
0.85393785238266
0.8308389902114868
0.8231848216056824
0.8082891345024109
0.8080983948707581
0.7955423331260681
0.790044252872467
0.7858130073547364
0.7777333450317383
0.7752307653427124
0.7692115926742553
0.7689753079414368
0.7623671054840088
0.7605171298980713
0.7598283886909485
0.7562174868583679
0.7532858967781066
0.7498486588398615
0.7494867667555809
0.7427137866616249
0.7407996853192648
0.7445723240574201
0.7386827543377876
0.7379257480303446
