7.078521418571471768e-01
6.882465505599975053e-01
6.688305592536926136e-01
6.650533604621887696e-01
6.518838429450988237e-01
6.533876585960388672e-01
6.417604851722716885e-01
6.535256099700927912e-01
6.262248337268829790e-01
6.137853574752807351e-01
6.005063247680664240e-01
5.981336820125580100e-01
5.712363255023956699e-01
5.554975974559783758e-01
5.481061232089996516e-01
5.325204312801361528e-01
5.294248569011688055e-01
4.981933903694152899e-01
4.869903063774108642e-01
4.756824493408203236e-01
6.783724501729011536e-01
6.353084569176038476e-01
5.890535339713096619e-01
5.681848277648290368e-01
5.526242318252722052e-01
5.318752154707908630e-01
5.163696321348348883e-01
5.023624983926614496e-01
4.950363139311472760e-01
4.865894143780072345e-01
4.628634800513585223e-01
4.471806858976681842e-01
4.469798865417639600e-01
4.162002963324387683e-01
4.007805498937765942e-01
3.880241829901933670e-01
3.431494298080603467e-01
3.285935639093319760e-01
3.230696357786655426e-01
3.251632930090029849e-01
6.845102210839589807e-01
5.574752117196718482e-01
4.781580989559491290e-01
4.538454289237658368e-01
4.088871975739796771e-01
3.687041333566109524e-01
3.484319510559241162e-01
3.074684366583824158e-01
2.685373369604349136e-01
2.542074142644802914e-01
2.292890790849924088e-01
2.189782479157050543e-01
1.816711894546945982e-01
1.795936571434140205e-01
1.717246227587262697e-01
1.717615288992722922e-01
1.396443254003922052e-01
1.339492298041780882e-01
1.102124384293953624e-01
1.186821358278393745e-01
6.228988257547219964e-01
5.068504599233468744e-01
4.101323864112297879e-01
3.811813822637001858e-01
2.971624135971069336e-01
2.873288858681917191e-01
2.231525201350450516e-01
1.975697589417298727e-01
1.983682045247405767e-01
1.551279661556085043e-01
1.755776753028233939e-01
1.391256488859653473e-01
1.213822361702720370e-01
1.096422129000226703e-01
1.383404613782962256e-01
1.717418910314639502e-01
1.019097380728150454e-01
9.858344992001850937e-02
7.950187490011255409e-02
6.658733023020128872e-02
7.407205862303575250e-01
4.034582438568274365e-01
3.082455527037382126e-01
2.480410995582739420e-01
1.964073109750946455e-01
1.502478091667095728e-01
1.394328192497293062e-01
1.450425997997323579e-01
1.139360186643898487e-01
1.077038653505345139e-01
1.108851158060133457e-01
9.888746806730826233e-02
8.222503215074539185e-02
7.326474987591306831e-02
8.481948589906096458e-02
5.909615972389777733e-02
6.048959384982784820e-02
7.165822130627930164e-02
7.013992949699361656e-02
4.784583114087581635e-02
5.768005469193061563e-01
2.769235344603657722e-01
2.196268144374092512e-01
2.077708565630018711e-01
1.323271648337443762e-01
1.355082007745901651e-01
9.739968739449977875e-02
1.043234483028451648e-01
1.102496908667186942e-01
1.072951525760193620e-01
9.809579265614350174e-02
9.329274514069159363e-02
6.461437613082428311e-02
5.422761958713332581e-02
5.722089686120549606e-02
4.748236814824243618e-02
5.801594513468444347e-02
4.637582429374257492e-02
4.769960294167200493e-02
5.581852716083327698e-02
6.807777037223180505e-01
4.329151275257269726e-01
3.317448614786068783e-01
1.876185725753506117e-01
1.944044992948571748e-01
1.913930426041285104e-01
1.085123621548215594e-01
1.563132676916817732e-01
8.381260186433792114e-02
9.355534178515274857e-02
7.806055061519145966e-02
7.107796605365972187e-02
6.136303767561912537e-02
5.647173120329777168e-02
9.658653180425365303e-02
6.825341610237956047e-02
5.136268461743990349e-02
6.243014646073182655e-02
7.629715511575341225e-02
5.834250121066967415e-02
5.802357462437256475e-01
3.175209349264269121e-01
2.351175666503284301e-01
1.422332604618176122e-01
1.043381336266579890e-01
1.232606042986330724e-01
7.851429024468296880e-02
7.624179383982783442e-02
6.282873403119004774e-02
6.703774857780207819e-02
7.229150135232054186e-02
5.333004924266234598e-02
4.856527183690796667e-02
3.884093746866868618e-02
4.101180204230805981e-02
5.241931359405103269e-02
3.165546205380688483e-02
3.241698055163673431e-02
3.968459578311961389e-02
3.723157128400128579e-02
5.840960008402665826e-01
2.770260445152719631e-01
2.059383371379226446e-01
1.352814421989023685e-01
1.282038794985661811e-01
1.123453810190161023e-01
8.489139828210075234e-02
7.512708846479654312e-02
6.724735853883127834e-02
5.177731431710223126e-02
4.651444638147950172e-02
5.345140638140340877e-02
4.493680767094095779e-02
3.247020921359459328e-02
4.679695446975529194e-02
3.033898049034178257e-02
2.952100247299919641e-02
3.225666497989247011e-02
3.433494417307277752e-02
2.633165125735104084e-02
